-48198.0
-38010.0
-34702.0
-43501.0
-39941.0
-33300.0
-53837.0
-44607.0
-47747.0
-43575.0
-31938.0
-35229.0
-36559.0
-44617.0
-29430.0
-37657.0
-67113.0
-47664.0
-45619.0
-70907.0
-33013.0
-41702.0
-49580.0
-30616.0
-24104.0
-28539.0
-27437.0
-32246.0
-33236.0
-25557.0
-36159.0
-33005.0
-37995.0
-33963.0
-46537.0
-27346.0
-40580.0
-24975.0
-31621.0
-32828.0
-27555.0
-31529.0
-45281.0
-35141.0
-33537.0
-38121.0
-22109.0
-23622.0
-31445.0
-31622.0
-32142.0
-27189.0
-37225.0
-30903.0
-21630.0
-39617.0
-23091.0
-29775.0
-32011.0
-36300.0
-30532.0
-23167.0
-28792.0
-28497.0
-24149.0
-25191.0
-27400.0
-27703.0
-24153.0
-19065.0
-19499.0
-28084.0
-19344.0
-26810.0
-28783.0
-19976.0
-22848.0
-21043.0
-24223.0
-21517.0
-24572.0
-25315.0
-26964.0
-18986.0
-24918.0
-21373.0
-16975.0
-19084.0
-21430.0
-19232.0
-23647.0
-25044.0
-24136.0
-19789.0
-18449.0
-19630.0
-22018.0
-19416.0
-27660.0
-18078.0
-21404.0
-20890.0
-21101.0
-25358.0
-25168.0
-23152.0
-23619.0
-18074.0
-14684.0
-22319.0
-18588.0
-18899.0
-17259.0
-18351.0
-20983.0
-19049.0
-14762.0
-18136.0
-15424.0
-13258.0
-16593.0
-19899.0
-15087.0
-19678.0
-16822.0
-14852.0
-16106.0
-20438.0
-20554.0
-16942.0
-20202.0
-19998.0
-17776.0
-16390.0
-16737.0
-15998.0
-16539.0
-15844.0
-17092.0
-15374.0
-12848.0
-16105.0
-15416.0
-12935.0
-16013.0
-16549.0
-14142.0
-17198.0
-17939.0
-15148.0
-14499.0
-12034.0
-15510.0
-13049.0
-11854.0
-15504.0
-13988.0
-16953.0
-12495.0
-14757.0
-14490.0
-13986.0
-17800.0
-13014.0
-12930.0
-11454.0
-13813.0
-14352.0
-12050.0
-10833.0
-10892.0
-11051.0
-13371.0
-10650.0
-12017.0
-14332.0
-12553.0
-16086.0
-13677.0
-12162.0
-13484.0
-14360.0
-11337.0
-12236.0
-13529.0
-14610.0
-12405.0
-10449.0
-10596.0
-11702.0
-12406.0
-10063.0
-11722.0
-9301.0
-10827.0
-10993.0
-12411.0
-11216.0
-11255.0
-9533.0
-11081.0
-8629.0
-11481.0
-10129.0
-8826.0
-10542.0
-9868.0
-8523.0
-10893.0
-8256.0
-10253.0
-9266.0
-9215.0
-9628.0
-12240.0
-10323.0
-9311.0
-11320.0
-10332.0
-9505.0
-11138.0
-11098.0
-9479.0
-7253.0
-9144.0
-7847.0
-7792.0
-9254.0
-8791.0
-11448.0
-9790.0
-8470.0
-7416.0
-8683.0
-8225.0
-8825.0
-10188.0
-7771.0
-9395.0
-9439.0
-7558.0
-8015.0
-7850.0
-7973.0
-6680.0
-8058.0
-8308.0
-8468.0
-8739.0
-7965.0
