65537
53911
52767
62042
57566
49644
74600
63314
65587
60424
49264
51410
52688
63247
47561
54436
87789
64174
62977
90901
50722
59424
72730
46253
39321
45150
43567
49614
49347
41960
52696
49301
54913
50420
66990
45759
60875
40097
45371
51671
43687
49766
63546
50052
49475
56324
38064
38154
47370
47562
48367
42908
52845
48255
38363
57739
40082
46724
49279
53852
49172
41303
44367
43232
40724
40480
43272
42304
40322
33528
36075
41687
34100
41738
43942
34614
37482
35745
40544
36408
43228
40686
43182
34866
41547
37455
32090
34336
37587
33790
38465
39793
39136
34473
33092
33163
37181
35717
45529
32772
36715
37110
36575
38863
42286
40157
37751
31861
29621
37894
33214
35339
32377
33761
37878
33886
29069
31844
28147
27843
30730
33476
31392
34717
30500
30189
29896
36816
36540
32379
35297
37908
32099
28921
31237
31007
31762
30670
31437
30030
28072
31692
29410
27681
31717
32919
28492
31545
32383
29955
29241
25317
30042
25315
27225
30060
29221
30197
26164
28657
29933
29018
32992
27470
26416
25552
28870
28549
26124
25009
24212
25595
28437
25594
26528
28328
26512
31875
28995
26090
27608
29554
24684
26150
27923
28094
25829
23550
24314
24413
26586
24487
24794
21428
23856
26193
25966
26654
25162
23257
25395
21450
24967
23312
22115
25376
23465
22730
22927
21727
24220
23102
22163
22364
26541
24533
22105
23538
23310
23574
24124
25184
22471
21379
23737
20418
22871
23674
21890
25715
23123
22491
20545
21095
19618
21057
24127
21380
21411
23456
20728
20164
21553
21376
20559
20364
20803
20498
22814
21753
