12.136481481481482
9.983518518518519
9.771666666666667
11.48925925925926
10.660370370370371
9.193333333333333
13.814814814814815
11.724814814814815
12.145740740740742
11.18962962962963
9.122962962962964
9.52037037037037
9.757037037037037
11.712407407407408
8.807592592592593
10.08074074074074
16.25722222222222
11.884074074074075
11.662407407407407
16.833518518518517
9.392962962962963
11.004444444444445
13.468518518518518
8.56537037037037
7.281666666666666
8.36111111111111
8.067962962962962
9.187777777777777
9.138333333333334
7.770370370370371
9.75851851851852
9.129814814814814
10.169074074074073
9.337037037037037
12.405555555555555
8.473888888888888
11.273148148148149
7.42537037037037
8.402037037037037
9.568703703703704
8.090185185185184
9.215925925925927
11.767777777777777
9.268888888888888
9.162037037037036
10.43037037037037
7.0488888888888885
7.065555555555555
8.772222222222222
8.807777777777778
8.956851851851852
7.945925925925926
9.786111111111111
8.936111111111112
7.104259259259259
10.692407407407407
7.422592592592593
8.652592592592592
9.12574074074074
9.972592592592592
9.105925925925925
7.648703703703704
8.216111111111111
8.005925925925926
7.5414814814814815
7.496296296296296
8.013333333333334
7.834074074074074
7.467037037037037
6.208888888888889
6.680555555555555
7.719814814814815
6.314814814814815
7.729259259259259
8.137407407407407
6.41
6.941111111111111
6.6194444444444445
7.508148148148148
6.742222222222222
8.005185185185185
7.5344444444444445
7.996666666666667
6.456666666666667
7.693888888888889
6.936111111111111
5.942592592592592
6.358518518518519
6.960555555555556
6.257407407407407
7.1231481481481485
7.369074074074074
7.247407407407407
6.3838888888888885
6.128148148148148
6.1412962962962965
6.885370370370371
6.614259259259259
8.431296296296296
6.068888888888889
6.799074074074074
6.872222222222222
6.773148148148148
7.196851851851852
7.83074074074074
7.436481481481482
6.990925925925926
5.900185185185185
5.4853703703703705
7.017407407407408
6.150740740740741
6.54425925925926
5.99574074074074
6.252037037037037
7.014444444444444
6.275185185185185
5.383148148148148
5.897037037037037
5.212407407407407
5.1561111111111115
5.690740740740741
6.199259259259259
5.8133333333333335
6.429074074074074
5.648148148148148
5.5905555555555555
5.536296296296296
6.817777777777778
6.766666666666667
5.996111111111111
6.536481481481482
7.02
5.944259259259259
5.355740740740741
5.78462962962963
5.742037037037037
5.881851851851851
5.67962962962963
5.821666666666666
5.561111111111111
5.198518518518519
5.868888888888889
5.446296296296296
5.126111111111111
5.873518518518519
6.096111111111111
5.276296296296296
5.841666666666667
5.996851851851852
5.5472222222222225
5.415
4.6883333333333335
5.5633333333333335
4.687962962962963
5.041666666666667
5.566666666666666
5.411296296296296
5.592037037037037
4.845185185185185
5.306851851851852
5.543148148148148
5.373703703703704
6.109629629629629
5.087037037037037
4.891851851851852
4.731851851851852
5.3462962962962965
5.286851851851852
4.837777777777778
4.631296296296297
4.4837037037037035
4.739814814814815
5.266111111111111
4.739629629629629
4.912592592592593
5.245925925925926
4.90962962962963
5.902777777777778
5.3694444444444445
4.8314814814814815
5.112592592592593
5.472962962962963
4.571111111111111
4.842592592592593
5.170925925925926
5.202592592592593
4.783148148148148
4.361111111111111
4.502592592592593
4.520925925925926
4.923333333333333
4.53462962962963
4.591481481481481
3.968148148148148
4.417777777777777
4.850555555555555
4.808518518518518
4.935925925925926
4.65962962962963
4.306851851851852
4.7027777777777775
3.9722222222222223
4.623518518518519
4.3170370370370375
4.095370370370371
4.699259259259259
4.345370370370371
4.20925925925926
4.24574074074074
4.023518518518519
4.485185185185185
4.278148148148148
4.104259259259259
4.141481481481481
4.915
4.543148148148148
4.093518518518518
4.358888888888889
4.316666666666666
4.365555555555556
4.467407407407407
4.663703703703704
4.161296296296296
3.959074074074074
4.395740740740741
3.781111111111111
4.2353703703703705
4.384074074074074
4.053703703703704
4.762037037037037
4.282037037037037
4.165
3.8046296296296296
3.9064814814814817
3.632962962962963
3.8994444444444443
4.467962962962963
3.9592592592592593
3.965
4.343703703703704
3.8385185185185184
3.734074074074074
3.991296296296296
3.9585185185185185
3.8072222222222223
3.7711111111111113
3.8524074074074073
3.795925925925926
4.224814814814815
4.028333333333333
